# captured 2026-10-01T14:01Z on Linux 6.8.0-134-generic aarch64, 8 vCPUs, Apple M3 Pro host via Lima vz
--- Simulator ---
N,Counting_msg,Counting_cp,Tree_msg,Tree_cp,MCS_msg,MCS_cp,Tournament_msg,Tournament_cp,Dissemination_msg,Dissemination_cp
2,4,2,4,2,2,2,2,2,2,1
3,6,3,8,4,4,3,4,4,6,2
4,8,4,12,4,6,3,6,4,8,2
5,10,5,16,6,8,5,8,6,15,3
6,12,6,20,6,10,5,10,6,18,3
7,14,7,24,6,12,5,12,6,21,3
8,16,8,28,6,14,5,14,6,24,3
9,18,9,32,8,16,6,16,8,36,4
10,20,10,36,8,18,6,18,8,40,4
11,22,11,40,8,20,6,20,8,44,4
12,24,12,44,8,22,6,22,8,48,4
13,26,13,48,8,24,6,24,8,52,4
14,28,14,52,8,26,6,26,8,56,4
15,30,15,56,8,28,6,28,8,60,4
16,32,16,60,8,30,6,30,8,64,4
17,34,17,64,10,32,8,32,10,85,5
18,36,18,68,10,34,8,34,10,90,5
19,38,19,72,10,36,8,36,10,95,5
20,40,20,76,10,38,8,38,10,100,5
21,42,21,80,10,40,8,40,10,105,5
22,44,22,84,10,42,8,42,10,110,5
23,46,23,88,10,44,8,44,10,115,5
24,48,24,92,10,46,8,46,10,120,5
25,50,25,96,10,48,8,48,10,125,5
26,52,26,100,10,50,8,50,10,130,5
27,54,27,104,10,52,8,52,10,135,5
28,56,28,108,10,54,8,54,10,140,5
29,58,29,112,10,56,8,56,10,145,5
30,60,30,116,10,58,8,58,10,150,5
31,62,31,120,10,60,8,60,10,155,5
32,64,32,124,10,62,8,62,10,160,5
33,66,33,128,12,64,9,64,12,198,6
34,68,34,132,12,66,9,66,12,204,6
35,70,35,136,12,68,9,68,12,210,6
36,72,36,140,12,70,9,70,12,216,6
37,74,37,144,12,72,9,72,12,222,6
38,76,38,148,12,74,9,74,12,228,6
39,78,39,152,12,76,9,76,12,234,6
40,80,40,156,12,78,9,78,12,240,6
41,82,41,160,12,80,9,80,12,246,6
42,84,42,164,12,82,9,82,12,252,6
43,86,43,168,12,84,9,84,12,258,6
44,88,44,172,12,86,9,86,12,264,6
45,90,45,176,12,88,9,88,12,270,6
46,92,46,180,12,90,9,90,12,276,6
47,94,47,184,12,92,9,92,12,282,6
48,96,48,188,12,94,9,94,12,288,6
49,98,49,192,12,96,9,96,12,294,6
50,100,50,196,12,98,9,98,12,300,6
51,102,51,200,12,100,9,100,12,306,6
52,104,52,204,12,102,9,102,12,312,6
53,106,53,208,12,104,9,104,12,318,6
54,108,54,212,12,106,9,106,12,324,6
55,110,55,216,12,108,9,108,12,330,6
56,112,56,220,12,110,9,110,12,336,6
57,114,57,224,12,112,9,112,12,342,6
58,116,58,228,12,114,9,114,12,348,6
59,118,59,232,12,116,9,116,12,354,6
60,120,60,236,12,118,9,118,12,360,6
61,122,61,240,12,120,9,120,12,366,6
62,124,62,244,12,122,9,122,12,372,6
63,126,63,248,12,124,9,124,12,378,6
64,128,64,252,12,126,9,126,12,384,6
--- Pthread and OpenMP Barriers ---
Measuring barriers with 4 threads, 1000 iterations
Pthread Barrier Median Latency: 18771 ns
OpenMP Barrier Median Latency: 357209 ns
--- MPI Barrier ---
Measuring MPI_Barrier with 4 processes, 1000 iterations
MPI Barrier Median Latency: 572 ns
